Parflow_Preprocessing/input_files/DCEW_30m.dem.asc
ncols 315
nrows 300
xllcorner    565500.000000000000
yllcorner    4837000.000000000000
cellsize     30.000000000000
[rows 0 to 26 of 300, columns 60 to 119 of 315]
1653.3589 1645.1415 1636.9978 1633.9484 1621.4077 1614.6172 1600.7715 1591.1437 1574.746 1561.324 1552.7407 1538.3257 1518.7999 1511.8738 1516.7666 1520.7288 1512.3138 1510.14 1497.949 1483.5253 1482.8219 1477.4412 1477.0521 1467.5702 1456.1823 1451.1871 1443.2639 1439.8878 1440.3485 1436.7286 1428.9904 1419.8583 1411.3712 1404.7494 1392.8146 1386.6293 1387.1914 1389.7262 1380.8934 1374.4536 1367.9468 1373.3837 1380.0682 1376.3591 1366.5533 1370.1644 1376.3342 1395.5741 1405.9142 1412.4933 1414.5759 1435.274 1451.766 1456.5109 1452.178 1454.9829 1462.709 1461.697 1478.1288 1488.0304
1661.2001 1657.6613 1649.3881 1648.3383 1636.059 1628.1454 1613.2124 1598.837 1579.7295 1569.5648 1559.173 1540.7301 1526.9384 1530.9606 1536.26 1533.9517 1527.8788 1527.3235 1506.5677 1497.2936 1497.6373 1493.9634 1493.6813 1481.3918 1469.8948 1461.4314 1456.5756 1453.5616 1452.6074 1446.4349 1440.5599 1431.7125 1429.3296 1417.7891 1402.1307 1393.7056 1383.4818 1379.6498 1375.6925 1374.4622 1377.6846 1386.3888 1393.5735 1392.059 1379.668 1370.1712 1374.6493 1385.6486 1390.3505 1400.7651 1414.092 1436.3983 1437.1724 1434.0483 1434.1093 1439.4458 1449.6943 1463.2368 1483.4108 1493.0563
1658.2844 1656.7648 1650.3684 1646.1244 1639.0417 1635.548 1621.4001 1608.3943 1584.4199 1571.6282 1561.7007 1549.6401 1555.5302 1557.9531 1556.1992 1548.2164 1547.3176 1543.0243 1518.2694 1521.0905 1521.9094 1518.9208 1524.5876 1516.9116 1506.0459 1495.6906 1486.6447 1469.3414 1459.3665 1442.9314 1436.874 1428.1683 1420.5377 1417.6346 1405.9689 1395.6365 1385.1591 1379.3225 1375.7008 1376.8978 1392.1831 1399.7032 1409.2341 1405.4434 1391.27 1373.2152 1373.2231 1379.0277 1392.8696 1411.4158 1419.4592 1419.4458 1416.5414 1421.0553 1435.2847 1446.8763 1460.4425 1473.9725 1474.8096 1472.9293
1657.8358 1648.668 1643.2993 1636.8491 1635.1505 1630.2396 1621.1464 1608.3077 1587.0396 1575.8638 1565.449 1559.4426 1565.6282 1567.5105 1565.134 1557.3884 1555.5808 1551.7526 1537.9778 1539.1957 1538.1271 1537.1481 1526.5165 1514.1462 1500.1926 1486.3854 1473.0712 1454.8328 1441.2085 1429.4117 1422.46 1407.7483 1402.7242 1401.9481 1399.882 1393.5066 1382.5513 1379.1052 1379.1018 1387.6774 1403.8873 1419.4252 1427.3792 1413.1499 1396.4059 1380.5569 1373.2331 1376.7773 1387.3364 1411.2053 1416.5399 1412.0192 1405.9811 1423.3617 1437.6202 1449.7585 1462.8116 1464.7594 1456.993 1461.4972
1661.0883 1650.9161 1640.4116 1633.6104 1630.2891 1627.7668 1624.4346 1616.306 1597.7023 1581.1042 1571.7941 1576.9188 1583.011 1582.0507 1574.6838 1568.7378 1564.9155 1558.4119 1550.7976 1549.8611 1540.0122 1531.262 1519.2174 1504.4971 1492.0393 1477.5627 1462.7808 1446.7614 1445.8918 1442.7485 1435.923 1417.3003 1405.0916 1399.9963 1390.6211 1387.3759 1380.0574 1380.049 1392.8563 1401.4738 1428.3811 1440.7397 1431.3098 1417.5675 1402.5558 1388.521 1376.7253 1376.7302 1387.1183 1402.0614 1402.2241 1398.3022 1400.8079 1420.0721 1428.955 1442.6245 1457.2484 1451.9227 1449.0757 1459.295
1662.074 1652.8517 1641.3328 1633.6504 1629.0161 1623.4424 1620.5007 1613.6458 1601.8645 1587.2416 1595.5767 1604.5974 1606.6901 1600.5764 1592.3724 1585.8596 1576.3926 1569.0524 1552.8329 1545.5299 1529.4015 1519.0786 1509.6544 1498.3708 1486.0662 1471.6289 1466.4275 1468.5413 1470.2103 1459.946 1446.7148 1429.5148 1419.5425 1405.705 1394.7207 1385.8879 1385.2596 1394.0886 1413.835 1430.3257 1445.9734 1440.5552 1413.792 1400.6422 1388.5823 1379.4316 1376.7805 1376.7402 1381.1543 1385.0768 1385.5562 1386.9281 1391.4994 1401.5632 1412.8997 1425.1428 1428.5771 1433.9464 1443.8816 1450.8356
1657.9403 1647.6195 1636.5143 1634.3158 1630.8873 1624.8796 1621.0951 1610.48 1601.8692 1603.0929 1615.0807 1616.5621 1611.0042 1606.1586 1602.3113 1594.7762 1582.2268 1575.3953 1560.9854 1552.6141 1538.8282 1530.5387 1519.4449 1507.1167 1492.1311 1487.6919 1485.7164 1484.4694 1478.0226 1464.4227 1454.5758 1434.3478 1424.0759 1406.6895 1393.0991 1387.6149 1392.957 1403.3196 1432.5375 1447.75 1451.2418 1435.1595 1406.1549 1399.4525 1390.5117 1380.8049 1377.5144 1376.7487 1377.984 1379.9575 1380.0259 1382.1908 1388.7629 1400.3206 1409.4946 1417.5449 1419.1207 1429.1759 1435.0769 1436.5283
1658.5939 1646.9584 1645.4156 1639.1859 1636.7261 1636.2504 1631.1637 1620.3289 1615.2302 1622.9559 1621.8636 1610.826 1597.5009 1591.927 1588.3726 1584.8436 1576.6266 1571.4268 1562.4674 1559.4003 1548.5237 1538.6259 1525.7262 1512.8555 1505.8379 1506.1439 1498.3075 1484.988 1475.8207 1458.3004 1446.7953 1427.9255 1416.5179 1399.1547 1393.1047 1397.028 1405.5223 1412.4069 1442.7891 1459.0344 1451.8079 1427.3848 1423.4703 1413.1895 1395.9421 1387.6964 1388.8605 1383.3743 1380.9395 1381.4016 1382.8662 1383.5192 1389.3663 1398.8824 1404.1667 1410.2504 1413.2179 1423.3759 1427.1532 1430.7799
1657.5779 1654.1782 1648.4617 1645.5724 1645.022 1638.5381 1633.7052 1625.6228 1625.0972 1621.9426 1613.0161 1594.2419 1579.7017 1572.1149 1570.0294 1566.2856 1556.1241 1550.4771 1545.2524 1545.8953 1545.7156 1542.8112 1535.5996 1528.9679 1519.4045 1506.3666 1496.994 1479.6959 1468.5363 1448.9756 1437.8409 1419.475 1409.8672 1395.0962 1394.8081 1405.8519 1418.7908 1437.7783 1459.5179 1466.8691 1446.8137 1441.2659 1452.4338 1438.4136 1408.6823 1409.2753 1411.5219 1396.5005 1401.0647 1394.2651 1388.257 1391.7471 1396.8387 1400.782 1400.8904 1400.9659 1405.4534 1415.4873 1426.3716 1437.36
1668.9075 1665.9886 1655.6096 1653.4359 1647.7556 1639.2683 1633.614 1628.6539 1626.1982 1617.4034 1602.401 1579.1162 1569.3226 1557.0094 1553.0293 1547.4128 1540.0304 1531.4841 1528.9186 1524.0908 1531.2472 1527.1617 1532.7769 1527.6635 1502.1671 1486.9246 1486.501 1477.7972 1467.0142 1441.6256 1427.6969 1410.6985 1404.1913 1397.2975 1404.1583 1421.6199 1435.7837 1449.5742 1465.6317 1468.075 1454.719 1460.7548 1466.236 1445.777 1420.3406 1429.6626 1421.8246 1410.449 1414.988 1407.392 1395.668 1391.7561 1402.9202 1413.6995 1410.9319 1412.0474 1421.9335 1431.5538 1437.8025 1447.4116
1681.6964 1673.369 1662.9972 1656.7205 1647.0065 1638.7244 1633.5762 1628.3135 1625.6969 1614.9902 1600.8062 1577.6803 1564.9869 1550.1156 1541.9382 1534.6246 1529.2468 1524.5006 1521.2928 1515.3097 1517.3781 1514.193 1518.5713 1516.937 1499.1945 1480.505 1469.0963 1475.1136 1463.7776 1438.705 1425.4854 1406.1962 1404.1994 1407.1558 1416.7517 1431.9358 1443.2463 1457.1212 1477.4869 1472.1888 1475.6245 1482.1919 1472.4524 1445.8633 1444.4235 1454.8286 1436.5607 1432.8453 1428.7567 1414.4006 1401.1046 1391.7661 1402.5281 1417.2037 1416.9044 1419.4834 1429.098 1438.3424 1447.1952 1455.2089
1682.8408 1672.5233 1664.0526 1658.2048 1645.7284 1636.1951 1632.3453 1627.5154 1622.5901 1607.8251 1599.1937 1587.6996 1575.895 1559.329 1547.3633 1535.2527 1519.755 1508.3923 1499.8501 1500.1584 1501.1439 1500.0848 1504.3335 1507.6736 1495.4391 1478.6335 1461.7917 1467.6964 1457.5597 1434.733 1424.3728 1404.8046 1404.206 1415.6742 1424.2913 1440.7754 1452.6365 1466.4221 1485.5232 1489.538 1499.291 1484.6857 1465.6329 1461.9292 1468.1769 1474.6013 1463.7866 1449.0056 1437.7604 1425.7131 1407.7814 1395.7876 1402.3523 1407.8931 1413.2974 1422.0482 1432.1221 1442.494 1454.7225 1466.1589
1675.9741 1668.6234 1661.0651 1655.6868 1644.2076 1634.3287 1634.1989 1631.6727 1625.9799 1619.5564 1614.0055 1597.803 1588.3917 1571.4117 1559.4149 1544.1045 1531.5486 1518.8828 1499.8416 1490.7996 1483.1478 1481.8292 1482.9656 1491.6021 1478.1865 1474.9615 1455.746 1445.1268 1440.1111 1427.7906 1418.5708 1406.9391 1411.6606 1427.465 1436.5968 1447.938 1457.5585 1476.2042 1493.1451 1499.8376 1497.0999 1478.3455 1471.485 1474.7562 1478.5082 1478.7673 1467.9897 1457.6997 1447.4263 1431.9279 1416.1692 1410.0753 1402.3589 1402.3689 1404.7826 1413.1445 1426.7609 1436.3499 1448.2411 1459.6877
1679.7679 1672.7679 1661.9955 1653.5348 1646.9476 1649.1251 1646.2974 1635.752 1629.9243 1622.9199 1612.8541 1596.903 1588.9856 1572.2045 1559.5989 1542.8657 1527.4242 1516.5939 1499.2654 1491.4543 1478.7112 1473.3031 1471.0985 1481.2124 1473.7957 1462.3558 1453.4087 1436.7045 1426.7286 1420.9601 1418.5762 1423.1429 1428.51 1437.6428 1446.2563 1459.2646 1470.3202 1491.5612 1508.0592 1506.34 1485.3732 1478.3515 1484.1655 1487.4816 1491.6462 1484.9889 1476.4783 1464.7864 1453.3676 1439.9341 1429.1255 1419.9475 1407.7371 1402.3789 1402.9332 1412.9869 1426.0594 1434.5367 1443.8396 1455.3129
1688.1063 1679.0306 1666.9204 1660.3533 1659.8879 1648.444 1636.3898 1628.8735 1625.7251 1613.396 1603.342 1590.5179 1583.3782 1567.6058 1559.9434 1546.6494 1537.783 1526.3792 1506.7996 1496.9833 1482.4396 1470.5204 1464.7095 1474.8135 1473.6057 1462.2379 1445.2233 1434.634 1425.0964 1420.3819 1420.3789 1432.1256 1436.7382 1448.9076 1465.0999 1477.5356 1492.0342 1513.3884 1514.8453 1494.0542 1486.1375 1492.105 1502.8643 1508.147 1500.0823 1485.644 1474.7596 1460.7922 1444.0807 1428.9255 1415.8495 1410.7971 1402.3989 1402.3889 1415.0621 1417.7937 1424.1841 1429.2727 1440.524 1451.7896
1694.6527 1682.6434 1673.2904 1668.6879 1658.6613 1647.3448 1632.1132 1615.9767 1607.1298 1593.3364 1585.5693 1570.9014 1561.5453 1547.4652 1543.0659 1537.6953 1533.9219 1521.6111 1503.2064 1493.343 1480.4429 1469.8682 1455.9587 1459.374 1457.8134 1461.1 1442.6447 1430.2926 1425.1033 1426.8424 1432.63 1444.8162 1453.4724 1466.0753 1472.6862 1489.2404 1505.1064 1517.2533 1508.1025 1498.1427 1492.8511 1500.7546 1513.3009 1513.6017 1496.2804 1479.9279 1469.428 1456.726 1439.6305 1432.2028 1426.7416 1417.646 1403.8955 1402.8978 1415.4551 1418.0079 1422.0411 1426.0217 1436.2993 1443.7081
1703.3274 1692.2008 1681.0155 1671.9509 1654.8464 1642.0964 1626.5648 1610.5208 1599.2627 1581.752 1573.963 1559.8597 1549.1084 1538.7704 1534.6438 1528.7013 1527.0161 1514.4835 1498.4268 1486.8225 1473.3812 1463.4412 1449.8793 1449.8693 1447.6733 1441.6936 1441.973 1428.7214 1427.7003 1437.1853 1442.0369 1452.2789 1461.9054 1475.5359 1486.5043 1504.5345 1518.0745 1520.3579 1511.9993 1510.7745 1498.62 1510.5439 1521.4703 1512.6481 1495.204 1476.1954 1467.3528 1453.1768 1442.8477 1442.0864 1436.6984 1424.2693 1408.2229 1403.5824 1412.3607 1416.675 1419.8119 1423.9396 1429.6024 1433.4575
1709.1393 1699.9386 1677.413 1667.2593 1652.1086 1639.6865 1627.448 1615.8937 1602.87 1577.4136 1562.0264 1544.6064 1535.1803 1524.2101 1519.2043 1511.5692 1513.8418 1502.7805 1486.6678 1478.4615 1463.7513 1460.8594 1455.4017 1454.4469 1453.761 1441.0255 1437.8923 1429.538 1433.7545 1442.2023 1448.9144 1456.8621 1473.6173 1489.8868 1501.2889 1517.4237 1530.5012 1524.8699 1522.1924 1512.1591 1511.0703 1518.4026 1527.5099 1515.2692 1504.009 1484.9337 1482.563 1479.7786 1474.1472 1462.6233 1447.1476 1430.2036 1415.6951 1411.837 1411.8454 1411.8525 1415.3472 1417.3571 1422.9861 1425.5908
1701.0676 1698.3678 1683.4956 1674.9238 1659.873 1649.101 1633.0728 1618.4993 1605.1046 1585.5765 1572.4121 1551.4436 1540.62 1522.3096 1511.4885 1497.4457 1494.2006 1488.755 1486.0557 1484.8213 1484.9263 1482.4224 1480.458 1476.4575 1458.3594 1445.0952 1437.8986 1441.8795 1441.2161 1445.0175 1457.6401 1468.4139 1481.1995 1498.1697 1509.6859 1525.448 1541.8971 1533.262 1525.7148 1521.4576 1523.4791 1523.9762 1530.3108 1527.9381 1522.6006 1519.1113 1519.9202 1511.3402 1491.1541 1466.5845 1448.7438 1437.296 1425.5834 1420.9277 1414.7513 1411.8527 1415.178 1415.7183 1417.325 1418.0697
1699.9381 1690.2794 1676.8776 1668.3479 1651.5848 1639.299 1623.9064 1609.7114 1599.5691 1579.9629 1569.6632 1551.6797 1541.5571 1523.0406 1511.2794 1500.089 1499.6211 1498.1425 1505.4326 1508.7794 1504.2443 1496.8055 1480.6737 1467.9924 1450.1908 1440.3932 1440.3906 1454.5902 1456.2316 1448.6099 1458.2946 1475.3339 1489.9265 1505.9719 1518.8649 1532.2043 1551.8226 1543.2507 1529.62 1529.4729 1528.501 1530.4036 1536.4242 1532.5067 1529.4465 1529.0522 1527.9351 1512.1176 1492.4851 1469.802 1454.059 1443.8992 1431.7311 1424.4459 1414.5458 1412.28 1419.1981 1421.1296 1422.4613 1422.5651
1700.3081 1693.301 1671.129 1658.1229 1643.1962 1635.0115 1622.4325 1608.3441 1593.8579 1574.89 1558.4697 1540.172 1531.4781 1516.257 1510.024 1508.7991 1509.1099 1509.6873 1518.3328 1519.2633 1508.687 1493.7463 1477.9183 1467.8971 1449.1003 1440.4032 1448.5481 1461.9055 1469.9143 1457.0051 1460.5458 1472.729 1488.4583 1504.896 1522.91 1537.2948 1552.1394 1545.5767 1537.8328 1538.1589 1535.2753 1539.1436 1541.7323 1539.4469 1539.3224 1531.3729 1524.5123 1502.6407 1490.9768 1475.2544 1461.8787 1448.673 1431.9795 1423.8082 1414.4942 1414.4874 1423.5272 1426.8969 1427.4004 1426.1599
1699.0034 1691.7417 1677.4318 1670.3339 1652.5743 1642.533 1625.5032 1612.0712 1593.9202 1574.8473 1560.8416 1545.76 1537.8165 1531.9474 1530.9453 1532.2798 1534.2543 1529.1378 1521.7156 1508.7418 1497.9692 1488.0536 1477.6505 1465.9958 1449.1087 1451.7397 1467.2404 1475.1132 1480.9646 1474.308 1471.8564 1481.8115 1497.9197 1511.3831 1525.27 1535.7406 1550.9788 1549.9795 1544.4077 1543.7482 1545.7716 1548.967 1550.9301 1549.1046 1546.0494 1535.9053 1527.9591 1503.309 1488.9573 1461.843 1450.3643 1440.2816 1426.4171 1422.0481 1414.515 1416.9597 1432.8873 1440.8484 1447.9789 1443.1219
1693.4629 1682.6838 1670.6702 1665.8975 1651.705 1638.601 1621.3728 1606.4331 1588.2506 1573.5725 1566.3427 1551.8868 1542.7555 1550.5587 1550.8636 1550.8353 1548.5188 1540.5267 1526.3463 1509.2919 1500.5612 1491.5358 1477.559 1463.9723 1450.4364 1452.7548 1463.4327 1480.24 1491.2096 1489.1077 1487.6113 1489.6257 1506.3499 1520.8799 1539.3982 1545.9036 1552.6433 1551.4366 1546.649 1548.7196 1551.9095 1554.7047 1555.2922 1552.7325 1547.9373 1535.8138 1528.4088 1507.0809 1495.5966 1467.9928 1454.0156 1446.7311 1432.9521 1424.3104 1416.2406 1416.8391 1435.1434 1445.9229 1465.4122 1461.3831
1697.7946 1687.4373 1673.0896 1664.2244 1651.4818 1640.9928 1621.1968 1606.7928 1594.9736 1590.85 1574.7609 1557.467 1558.6781 1561.1906 1561.4738 1558.7715 1553.4478 1543.021 1526.663 1515.8085 1513.415 1502.0065 1488.3633 1471.3114 1457.9567 1465.281 1469.6136 1476.0105 1493.3959 1503.8687 1505.1302 1507.4456 1518.1215 1526.1329 1540.0355 1550.7046 1557.4087 1552.5365 1551.2997 1555.5912 1559.1897 1562.6525 1561.2872 1551.788 1542.0389 1526.6158 1518.6837 1505.3536 1496.0059 1473.7667 1461.2603 1448.6504 1437.6648 1426.4547 1417.8314 1417.8716 1431.396 1442.0616 1466.4899 1474.938
1694.9719 1681.323 1670.3572 1663.0635 1646.776 1638.0247 1622.5583 1614.4054 1613.9537 1603.6151 1581.2612 1576.0444 1585.5087 1585.7594 1578.323 1567.1079 1559.1466 1550.1274 1542.61 1536.5477 1522.8412 1510.3805 1499.1593 1481.3502 1465.8986 1474.0287 1483.1302 1483.0941 1492.1996 1509.1194 1519.892 1528.3033 1532.9323 1542.6941 1559.0839 1565.4915 1564.8884 1560.3387 1562.592 1567.926 1573.4315 1564.5944 1556.5659 1542.6752 1533.1655 1516.316 1507.41 1492.0798 1480.6206 1465.7855 1458.0099 1446.6656 1433.5083 1426.2921 1420.8307 1417.8814 1426.137 1438.0546 1458.6881 1472.5607
1683.4845 1676.4937 1665.9458 1657.9468 1642.4902 1634.5105 1623.4932 1622.3607 1619.2832 1605.0613 1592.28 1587.2831 1600.1094 1599.5427 1587.575 1573.4193 1568.431 1562.1394 1551.2909 1537.2882 1521.7218 1509.8411 1497.7477 1483.2125 1471.0905 1484.0437 1493.2208 1498.1072 1500.019 1509.9427 1525.7762 1541.3644 1550.0325 1555.8719 1575.1136 1583.3181 1574.8119 1564.161 1569.3052 1577.2704 1576.0583 1561.2775 1555.0408 1544.5399 1534.2833 1512.9939 1504.2998 1485.8458 1479.0033 1468.1774 1458.6221 1446.9089 1436.3931 1427.0309 1422.4857 1418.9531 1426.5602 1439.7234 1460.5038 1476.5403
1677.1523 1669.1765 1658.667 1650.2712 1641.5347 1635.618 1632.9283 1629.9999 1623.3934 1609.8064 1608.2885 1605.9839 1610.5624 1603.7488 1593.2405 1584.1742 1578.3636 1569.0514 1551.0392 1534.6722 1519.0386 1506.9598 1494.8684 1481.4161 1480.135 1496.0364 1503.4152 1517.6737 1521.7113 1520.401 1529.8804 1551.5638 1564.0323 1572.5952 1585.2461 1589.8384 1580.3519 1571.2662 1576.8914 1586.3612 1575.8583 1566.0582 1556.4904 1550.4568 1537.2751 1518.7311 1518.172 1517.7778 1509.7815 1483.3776 1465.626 1452.6876 1441.4938 1430.9969 1423.564 1419.6917 1426.3683 1438.8556 1457.7397 1470.957
