Parflow_Preprocessing/input_files/DCEW_30m.dem.asc
ncols 315
nrows 300
xllcorner    565500.000000000000
yllcorner    4837000.000000000000
cellsize     30.000000000000
[rows 108 to 134 of 300, columns 240 to 299 of 315]
1590.8014 1594.4783 1596.4602 1598.1263 1606.4707 1624.3439 1636.0417 1650.8853 1659.442 1668.8077 1679.8219 1692.917 1710.6888 1724.1058 1744.8049 1755.5175 1771.0338 1783.4017 1807.9974 1824.3604 1841.8978 1861.3376 1879.7142 1898.1012 1911.4644 1927.6378 1935.2461 1941.7201 1944.3765 1943.1638 1937.8445 1935.692 1941.7349 1953.5891 1960.8461 1978.71 1988.0978 1989.8136 1982.3207 1966.986 1954.172 1940.4001 1927.7512 1916.8796 1901.9545 1892.1464 1877.0674 1868.8654 1854.5509 1843.9497 1825.1003 1813.1117 1794.9606 1779.4072 1765.8654 1750.9238 1742.2747 1741.1082 1739.7832 1733.554
1586.4931 1590.5065 1594.7544 1606.0106 1613.6012 1625.4839 1636.5564 1658.9742 1668.5236 1683.8019 1691.2731 1699.3865 1716.5583 1730.7164 1750.0951 1761.4739 1778.1106 1791.5264 1812.3809 1828.1276 1846.2001 1865.2694 1879.6282 1895.4969 1909.4585 1924.4445 1931.4731 1936.7615 1940.6216 1938.6174 1930.2522 1932.5498 1940.1051 1950.703 1960.9891 1981.0436 1989.6407 1993.6913 1986.5814 1963.6866 1950.6774 1938.7911 1928.8114 1919.8453 1908.3665 1901.4163 1885.4231 1874.9363 1858.2002 1847.9149 1828.0596 1817.6426 1795.848 1782.9198 1766.1504 1750.3942 1739.2339 1724.8625 1723.6084 1722.6392
1588.5228 1600.3998 1606.3401 1616.8906 1621.1848 1633.3154 1643.1215 1657.484 1668.0715 1683.8519 1697.3749 1711.4738 1724.1064 1739.0608 1759.8408 1770.8167 1786.6265 1797.0961 1814.3175 1829.6591 1847.7208 1865.7367 1877.7065 1891.2673 1903.6353 1914.6461 1922.2325 1924.6051 1931.5139 1929.6285 1923.248 1929.8401 1938.7426 1951.2488 1962.9141 1982.0275 1990.3062 1991.125 1982.986 1960.179 1947.2078 1933.2207 1924.0212 1917.2351 1907.9253 1903.3135 1886.2693 1877.1322 1861.3934 1852.1353 1832.675 1820.3325 1797.7164 1783.635 1765.0271 1749.3939 1738.4297 1722.3208 1714.3228 1713.4199
1597.2739 1615.0544 1625.0067 1636.9022 1643.407 1654.4354 1661.7126 1677.4119 1685.4506 1691.8137 1699.4108 1715.9912 1732.5621 1747.7313 1762.6976 1770.7789 1783.9352 1796.6788 1812.8629 1825.5757 1843.2385 1859.9869 1872.5942 1883.6381 1893.483 1900.0381 1906.7249 1910.2642 1917.8953 1913.3127 1913.9485 1925.0172 1939.5503 1953.6487 1963.5707 1979.6436 1985.8804 1987.1659 1979.3784 1961.7476 1949.4009 1930.1371 1916.7122 1903.92 1893.0713 1887.8999 1877.0818 1870.407 1859.7311 1851.3037 1832.5349 1820.5277 1800.4629 1786.2118 1764.54 1751.1517 1736.4127 1722.3242 1709.7358 1707.1681
1601.9932 1620.1796 1632.5491 1651.4984 1659.2567 1670.8264 1676.6089 1693.7865 1701.2048 1707.6582 1716.3816 1728.0668 1743.4657 1750.3474 1754.6106 1762.3407 1778.1161 1791.7916 1806.5833 1820.8704 1836.6687 1853.6749 1868.4319 1880.5457 1887.5863 1892.2313 1898.9581 1904.6476 1908.9114 1905.0645 1912.4852 1923.5826 1937.6136 1952.584 1960.8951 1975.0885 1980.6938 1983.8538 1978.8563 1963.5458 1950.8059 1932.2914 1917.9137 1903.7419 1888.062 1876.4462 1862.7214 1855.5652 1848.265 1842.8271 1828.1019 1818.2404 1799.8479 1787.348 1765.1425 1752.4352 1737.1864 1717.7135 1705.2216 1702.8595
1605.4175 1623.3087 1636.0161 1655.8812 1666.1705 1675.6483 1683.7391 1700.0789 1710.0201 1719.6332 1727.8596 1735.6506 1742.5115 1741.7888 1742.8945 1754.7852 1771.4216 1784.5264 1796.9015 1812.7889 1829.2162 1847.4663 1863.6595 1873.2104 1875.8666 1879.5778 1887.172 1894.0767 1893.8197 1895.7112 1911.2701 1922.4606 1935.4474 1950.4141 1958.6693 1971.4208 1977.8525 1982.0148 1978.3495 1963.7107 1951.2736 1932.9056 1921.1998 1906.8553 1892.2504 1881.467 1863.0435 1854.8304 1839.7129 1830.9784 1816.7394 1808.3676 1794.3037 1783.1237 1764.5999 1753.4254 1737.2518 1720.231 1703.1265 1694.4928
1612.3325 1626.4846 1640.7427 1656.4308 1663.5916 1670.9885 1680.3138 1696.7572 1708.9861 1719.3162 1722.5638 1726.2465 1729.2979 1728.6554 1732.0792 1745.8933 1756.5504 1774.3301 1790.3259 1807.709 1824.3473 1843.0031 1855.9751 1859.7244 1862.8684 1868.6932 1876.0717 1877.7325 1885.9559 1897.9104 1911.4606 1919.293 1932.6396 1942.9553 1950.5754 1961.8589 1967.5216 1976.171 1976.6605 1963.8917 1952.6678 1937.2516 1927.0326 1913.3846 1899.7322 1887.1488 1867.9127 1857.5669 1841.6479 1831.2131 1813.3287 1801.9723 1782.3978 1769.5641 1755.3789 1745.6743 1731.2666 1715.8263 1700.4166 1691.0874
1614.3958 1629.3694 1640.8872 1648.2109 1649.8201 1668.2268 1678.4329 1693.6902 1704.2482 1710.2369 1708.1144 1710.3271 1712.1908 1712.9319 1719.9681 1736.4308 1750.7271 1769.9806 1783.6957 1800.7306 1818.2294 1837.5542 1849.3881 1852.09 1858.1425 1864.6066 1869.7032 1874.6824 1888.8689 1901.6871 1911.2756 1917.5862 1927.3727 1933.7626 1938.6403 1948.5337 1954.5681 1966.2645 1968.9969 1961.6046 1953.4642 1941.1761 1932.2887 1918.0109 1905.2933 1891.9543 1873.0603 1861.0074 1844.2643 1833.2163 1815.802 1804.1371 1788.312 1774.478 1754.2689 1742.3873 1729.119 1718.032 1706.066 1697.8577
1613.5168 1628.8478 1636.7697 1637.3992 1645.2056 1663.2263 1676.1064 1689.9939 1696.7943 1696.848 1695.1777 1696.9073 1697.36 1699.1434 1710.3788 1726.993 1743.0829 1761.8492 1773.4138 1791.9464 1808.7235 1826.9349 1836.3185 1838.891 1851.1432 1858.4565 1865.3466 1876.13 1894.4614 1902.2295 1909.2319 1914.6761 1921.2952 1925.1134 1931.6902 1938.7916 1944.7601 1959.2761 1964.3812 1955.8655 1946.7334 1939.6565 1933.2681 1921.3414 1908.6903 1895.3696 1878.777 1865.1167 1852.2332 1840.4745 1820.7856 1807.1216 1790.5769 1778.8854 1759.8407 1747.4908 1734.4823 1724.7156 1712.3964 1710.0321
1622.2012 1623.5623 1620.8348 1629.85 1645.9344 1662.1058 1672.2109 1682.4626 1684.6001 1683.1934 1684.9434 1684.6252 1682.5864 1683.7616 1694.4207 1708.984 1717.105 1742.1427 1755.9174 1773.9427 1787.5597 1807.3389 1819.5992 1833.3143 1842.2126 1851.4547 1866.3456 1882.0134 1895.5861 1897.9141 1895.8555 1898.7118 1907.6628 1912.2319 1915.689 1923.9122 1931.561 1946.5048 1950.7449 1937.349 1932.9896 1928.1852 1929.5928 1923.4897 1912.3605 1899.8441 1887.4824 1875.0214 1860.5847 1848.3551 1829.4045 1819.1428 1801.2571 1790.1014 1767.7727 1757.2703 1745.4271 1733.5548 1726.2106 1720.1154
1613.125 1613.5994 1614.4055 1628.3083 1644.6051 1655.9817 1661.825 1665.1265 1667.7123 1667.3237 1670.9739 1671.4152 1680.3444 1690.7054 1702.4177 1711.3875 1718.1957 1737.6483 1753.329 1773.3303 1784.04 1806.2614 1824.8232 1841.4838 1852.089 1859.0692 1869.999 1885.4517 1892.551 1888.7266 1886.2822 1888.9609 1897.9188 1901.6095 1905.9653 1914.0708 1923.6068 1940.3352 1940.0441 1926.4586 1920.851 1916.1813 1919.0579 1922.207 1917.2528 1907.0199 1895.8171 1884.0018 1869.9249 1860.4525 1847.983 1834.4744 1814.8911 1802.7888 1784.1089 1769.8027 1756.9644 1748.7396 1741.9033 1730.0227
1600.4934 1604.1211 1610.6608 1619.3584 1634.0331 1643.3738 1648.2926 1651.8413 1656.2402 1658.7849 1667.3442 1675.0463 1686.1826 1700.2367 1712.5566 1724.6063 1733.9395 1747.9409 1765.3691 1785.6155 1795.2454 1815.5463 1832.0215 1849.5542 1862.1522 1872.9968 1881.4843 1887.0809 1886.1272 1880.605 1882.0586 1885.5383 1891.2991 1894.623 1900.88 1909.5381 1920.73 1935.3971 1931.5237 1919.3551 1911.1711 1906.1991 1909.8032 1916.3834 1918.6648 1913.2374 1902.295 1891.0605 1879.1238 1867.7271 1853.0305 1839.5333 1820.9591 1809.0775 1788.9078 1776.5853 1764.1804 1756.4893 1746.0322 1733.1779
1595.7603 1604.6666 1612.1665 1618.2721 1627.7269 1636.7991 1645.788 1650.2561 1660.1027 1663.6362 1673.2128 1681.9001 1694.3666 1708.6088 1722.3727 1735.2031 1748.7642 1770.4126 1779.9078 1796.4136 1808.662 1831.9163 1844.1537 1859.3762 1873.0754 1890.7831 1886.5049 1879.5156 1868.785 1869.1722 1873.8768 1876.3221 1882.4829 1887.7661 1896.5332 1906.6881 1918.9684 1928.7281 1924.1613 1911.4059 1902.7246 1895.786 1899.451 1905.3848 1911.3613 1912.4226 1906.1331 1896.8456 1885.4353 1872.5286 1858.4304 1845.0562 1828.8774 1814.7388 1794.8346 1785.4587 1772.7715 1759.861 1746.7532 1732.8816
1609.6072 1621.6261 1629.7534 1634.447 1639.7003 1647.1594 1655.0448 1660.0662 1667.8936 1671.4714 1681.1064 1691.1371 1703.4479 1714.2058 1726.8029 1739.473 1754.2416 1776.3066 1786.4948 1805.7195 1818.484 1836.8597 1849.3417 1868.8933 1879.4318 1886.0706 1880.1057 1873.507 1862.3016 1864.3872 1866.6338 1870.3933 1879.5096 1886.2487 1896.3744 1907.0914 1918.0676 1923.5045 1914.8899 1903.0034 1894.2352 1886.0032 1887.9327 1893.3485 1900.1798 1904.1956 1903.2889 1896.1787 1886.265 1873.8046 1860.9785 1846.4094 1830.8359 1816.6584 1797.9479 1787.1637 1772.0468 1756.5905 1740.7538 1726.9346
1620.312 1633.2299 1647.3009 1653.2778 1655.1292 1662.6438 1670.5021 1673.5568 1677.9613 1681.4786 1688.4724 1695.8997 1713.6371 1724.4594 1733.3928 1745.452 1761.8552 1783.3156 1794.587 1816.4523 1830.27 1848.8596 1859.5679 1878.5311 1880.8503 1877.8569 1874.5706 1867.8827 1858.9114 1860.9094 1863.7719 1867.3524 1877.8596 1887.1785 1899.5602 1912.0212 1922.4958 1921.4358 1908.5411 1894.8489 1885.3763 1875.8586 1876.9606 1882.0779 1886.7833 1891.6493 1894.4338 1889.9789 1880.01 1870.4496 1858.6171 1844.29 1829.2347 1815.2108 1799.2584 1783.2931 1765.0928 1749.4139 1736.1528 1727.0045
1631.1224 1645.2722 1657.3866 1665.4415 1668.8893 1675.4193 1682.5483 1686.3452 1690.1735 1697.5952 1700.7845 1708.3218 1723.2427 1736.0229 1748.9055 1759.2224 1769.9773 1788.6943 1801.3085 1826.8926 1840.7363 1860.3777 1869.3151 1876.3992 1871.86 1867.0037 1864.4265 1858.5144 1847.6571 1853.3751 1856.78 1862.7468 1876.5831 1887.0823 1900.9269 1914.2577 1925.1814 1919.1228 1906.0291 1891.2639 1877.0498 1866.7457 1865.703 1869.1906 1872.059 1875.3184 1879.9703 1878.2737 1868.1888 1860.8726 1851.3954 1837.907 1824.5582 1810.3075 1798.3815 1777.6234 1761.5341 1746.1014 1738.2689 1733.5314
1636.2001 1653.4026 1668.8929 1680.1808 1689.0461 1697.7556 1707.0366 1709.8689 1710.3909 1711.066 1712.5624 1716.7435 1730.6609 1739.4811 1755.3717 1766.0455 1776.3864 1792.1461 1804.5889 1830.4564 1843.9595 1864.7522 1869.9049 1868.0907 1863.9191 1859.2358 1857.2257 1849.7863 1835.1223 1841.9766 1850.6218 1858.4823 1872.431 1883.0726 1897.785 1910.6499 1915.4431 1912.8083 1904.6364 1891.1897 1876.4689 1864.8566 1858.4941 1859.4471 1862.3253 1866.8036 1871.0826 1870.0621 1863.0538 1851.8654 1840.8881 1827.8835 1816.4918 1801.7512 1789.9257 1767.5597 1761.9965 1759.9717 1754.4525 1745.2095
1630.2787 1647.9817 1660.7169 1684.0724 1697.3207 1703.4381 1708.6095 1714.566 1723.373 1725.9662 1729.6654 1730.8325 1739.0867 1749.4741 1765.7203 1778.6261 1790.9076 1805.4324 1817.5356 1835.6467 1847.5087 1863.1038 1865.4813 1862.8225 1859.256 1853.5941 1852.5713 1841.4415 1828.9806 1836.1123 1845.8473 1855.8097 1867.5526 1877.2782 1891.6188 1902.4572 1904.7339 1901.9921 1900.4357 1891.7653 1876.6172 1864.0664 1849.9333 1846.8217 1851.3098 1855.7358 1859.8334 1859.4995 1854.8099 1847.9143 1839.161 1828.9349 1818.42 1803.0592 1793.0546 1779.2448 1779.2286 1775.7837 1767.0338 1755.4437
1623.53 1643.3523 1659.1456 1683.1097 1696.0062 1702.4088 1707.3383 1714.849 1730.3225 1741.259 1750.599 1753.0198 1756.2306 1763.858 1778.9735 1790.5159 1806.9232 1824.9806 1839.078 1846.234 1848.4958 1847.8483 1848.7108 1851.2352 1842.1887 1837.9503 1835.8038 1826.2107 1822.6334 1831.338 1839.7985 1849.3068 1862.5367 1871.2205 1882.7018 1891.9614 1892.5117 1887.0538 1888.5474 1888.4652 1874.6582 1861.8051 1846.0728 1832.4086 1835.6129 1838.418 1841.901 1842.3456 1841.299 1841.0486 1838.1235 1831.8103 1821.425 1805.2504 1794.5012 1790.5011 1789.86 1784.4202 1775.2726 1762.6185
1634.2769 1647.2352 1660.1523 1680.8485 1690.7294 1704.1099 1715.6047 1723.2157 1734.7799 1745.8271 1758.7283 1761.9233 1768.1858 1771.9097 1784.9969 1797.347 1815.0153 1836.1232 1846.0531 1840.9828 1839.2422 1836.7312 1836.7598 1835.0449 1830.198 1825.318 1823.1215 1814.1528 1816.4824 1824.8501 1832.2878 1842.3982 1858.2948 1867.7526 1875.501 1878.3688 1874.5039 1869.4193 1874.769 1878.8323 1867.0785 1857.9518 1840.7712 1828.9586 1828.296 1830.2523 1832.4507 1833.9561 1833.6385 1831.5023 1838.8953 1839.3219 1824.4984 1807.7917 1806.5001 1811.6582 1809.8177 1800.5073 1796.2697 1780.2217
1642.9795 1660.7449 1670.3208 1684.1665 1690.973 1703.7839 1717.0238 1726.4427 1741.8433 1752.5424 1766.5756 1772.5521 1780.9941 1783.8008 1796.9056 1806.3041 1825.5094 1842.0952 1842.8173 1833.1338 1830.4208 1829.3479 1829.881 1829.7867 1825.0823 1817.9059 1815.6985 1805.8013 1810.7854 1817.9913 1827.2264 1839.1187 1849.5558 1864.0856 1870.033 1868.7556 1862.1774 1856.3541 1859.7358 1863.9783 1859.8922 1851.4502 1834.6691 1824.962 1815.7174 1817.9647 1819.3772 1821.7567 1823.6649 1829.4802 1837.5284 1836.7563 1827.6772 1816.7142 1821.5624 1825.6482 1823.5948 1813.8932 1805.9707 1796.2097
1642.5043 1656.3466 1665.524 1679.4735 1688.0243 1701.3706 1712.9579 1725.1375 1745.0347 1758.0278 1775.3826 1784.2101 1797.5779 1804.6415 1815.2427 1825.8912 1834.7816 1834.6431 1831.7476 1822.1771 1816.9301 1816.7502 1819.0278 1819.8721 1815.8687 1806.203 1801.4598 1794.9308 1802.0399 1812.1694 1822.5876 1834.9069 1845.4199 1859.6708 1865.1033 1861.8311 1855.2491 1844.8983 1842.8762 1850.1211 1850.3119 1842.8208 1827.2747 1819.0032 1803.184 1804.3762 1808.5186 1810.158 1815.4642 1826.3411 1840.214 1840.5956 1833.6777 1827.2643 1832.4668 1834.2944 1831.7103 1823.1429 1816.6472 1804.936
1624.7676 1641.5865 1649.1174 1668.2758 1680.649 1695.7028 1707.0723 1722.4531 1746.3215 1760.4218 1779.3313 1790.0092 1806.4187 1815.0771 1829.7045 1834.5308 1833.6213 1829.1823 1820.2279 1815.1493 1805.4197 1807.3214 1811.5953 1813.5652 1810.5385 1802.8068 1795.3345 1788.3534 1796.72 1807.7217 1817.719 1831.4475 1841.903 1852.5089 1852.2909 1850.7947 1848.6594 1838.2947 1828.8854 1833.4913 1838.4102 1834.7368 1823.9323 1815.3972 1799.3927 1796.8535 1802.8141 1804.609 1813.7572 1824.1261 1843.2723 1852.3397 1849.4249 1846.5182 1849.6177 1850.0244 1845.9421 1836.6094 1831.1322 1820.1194
1629.3579 1645.3264 1656.7924 1676.843 1688.3679 1704.9929 1715.9186 1730.2498 1750.89 1767.5946 1785.8588 1798.395 1816.1993 1829.4158 1841.8928 1840.8341 1829.6824 1821.8873 1813.7112 1809.6442 1802.3091 1802.1235 1807.3259 1809.4132 1807.2606 1800.8365 1794.5669 1783.6763 1791.5317 1802.5612 1814.8892 1827.9381 1836.262 1841.2561 1838.2679 1836.932 1840.9694 1834.5974 1821.5565 1818.7869 1823.6089 1822.8068 1816.4052 1808.6221 1793.9026 1788.4706 1792.8108 1797.6818 1814.1232 1827.1736 1847.644 1860.1729 1866.578 1865.8683 1866.7812 1863.2268 1858.5657 1851.3472 1846.228 1835.1029
1633.7622 1646.4216 1656.7986 1678.6398 1691.3197 1711.1403 1725.3889 1742.0531 1762.554 1778.4874 1795.2849 1806.7559 1826.2419 1839.7056 1843.7781 1833.9509 1822.314 1812.5121 1801.2428 1796.752 1794.0244 1790.5044 1798.1379 1803.6466 1801.1295 1796.2087 1791.3846 1778.6056 1783.8439 1797.9695 1810.9092 1823.0931 1829.6649 1830.21 1827.5123 1825.5504 1829.8136 1831.2721 1819.0127 1806.0249 1804.2697 1804.1144 1800.9293 1795.5864 1783.8807 1777.6904 1787.7378 1798.4137 1818.6132 1830.1267 1849.9148 1861.0521 1873.8348 1876.0576 1875.7227 1870.9824 1868.2367 1861.4021 1857.1434 1847.5645
1647.6969 1662.9833 1670.7543 1684.0367 1693.7236 1713.4541 1729.96 1749.8812 1770.5863 1784.9889 1801.3372 1812.6544 1831.5287 1843.326 1834.3203 1825.344 1814.031 1803.8726 1792.5933 1784.356 1782.3156 1779.1743 1786.296 1794.968 1796.5945 1791.6837 1784.1295 1775.0665 1774.9735 1789.5935 1803.0591 1815.3472 1817.4247 1814.9021 1812.9399 1813.7943 1822.0457 1826.4835 1817.6322 1803.465 1794.7018 1794.0905 1791.6174 1787.9296 1777.6919 1770.4496 1787.2942 1799.1057 1821.7241 1833.0243 1852.606 1864.3455 1883.6639 1894.9291 1895.1366 1888.09 1883.3033 1876.3798 1871.1095 1863.1047
1658.1171 1669.9758 1678.9069 1693.0128 1702.9529 1722.422 1736.7466 1754.0845 1773.17 1790.1627 1807.4546 1821.9639 1839.4658 1845.2521 1835.392 1825.6213 1814.4725 1803.75 1792.8857 1782.0432 1777.7369 1774.9241 1780.0731 1789.4467 1795.4525 1792.0518 1780.3143 1770.7346 1765.8373 1779.9502 1793.9399 1804.2423 1803.1959 1800.4601 1798.819 1809.2922 1818.183 1818.2192 1814.1071 1800.0166 1788.2725 1780.1537 1777.6464 1774.1643 1766.778 1766.8936 1787.8771 1799.2067 1821.9288 1833.4414 1851.7965 1864.899 1885.4188 1899.2081 1906.8154 1906.0164 1903.3317 1896.3689 1890.1841 1882.1757
