Parflow_Preprocessing/input_files/DCEW_30m.dem.asc
ncols 315
nrows 300
xllcorner    565500.000000000000
yllcorner    4837000.000000000000
cellsize     30.000000000000
[rows 216 to 242 of 300, columns 0 to 59 of 315]
1120.8942 1115.9227 1104.229 1112.9846 1125.7828 1131.9541 1137.4769 1143.5079 1148.7323 1158.5818 1170.0521 1177.4994 1184.234 1191.5813 1196.3907 1194.6045 1188.6101 1178.8988 1174.1082 1169.3005 1172.095 1171.9708 1168.0951 1171.4679 1179.171 1188.3273 1201.1804 1206.3826 1214.9663 1220.2902 1221.9265 1218.9617 1217.0182 1215.3363 1214.3549 1215.4243 1218.8145 1220.2351 1224.2697 1229.6743 1233.161 1239.4594 1244.4637 1249.2462 1255.225 1261.1648 1268.6041 1273.8073 1279.0466 1282.6163 1286.2712 1293.5449 1298.582 1304.197 1308.1625 1310.5476 1308.3789 1307.6238 1307.5391 1300.4399
1114.427 1108.5508 1103.2872 1114.1289 1128.5161 1135.8865 1146.8024 1150.0859 1150.6326 1157.1714 1167.8282 1174.3025 1180.8876 1189.8058 1194.4558 1191.8397 1186.422 1176.1219 1169.7346 1163.1558 1162.7186 1163.837 1168.0874 1180.1349 1189.5491 1194.9045 1202.1085 1207.9823 1215.5535 1218.2201 1217.5396 1214.1987 1211.9264 1209.9783 1209.2904 1214.7986 1220.7 1223.119 1228.0386 1232.0989 1236.7125 1242.6627 1248.9912 1255.6556 1260.9495 1268.3749 1272.9788 1280.6691 1282.9312 1284.4554 1288.3185 1294.8624 1299.8169 1305.946 1307.2682 1306.1765 1304.6897 1304.4005 1307.297 1302.7986
1104.4927 1098.5984 1097.1713 1110.1984 1131.6754 1142.8396 1155.4429 1160.4189 1160.9207 1161.4292 1168.9872 1174.8733 1182.3622 1191.0555 1192.877 1189.9557 1186.4707 1175.9885 1168.5544 1157.8604 1158.7816 1166.1221 1173.2817 1182.8318 1189.9457 1196.5109 1204.9077 1210.0159 1211.6411 1211.3522 1210.8605 1207.5222 1206.7124 1206.718 1208.6381 1216.375 1220.2496 1225.2118 1230.9844 1234.7275 1240.302 1244.7059 1250.7861 1256.743 1263.9739 1269.7496 1274.0276 1278.6587 1279.5228 1281.2501 1287.3701 1294.7509 1298.0791 1301.8737 1300.6532 1298.608 1298.8416 1301.9817 1306.3518 1306.3757
1092.8549 1090.1896 1095.8228 1111.9484 1135.8568 1148.189 1160.8906 1166.5737 1170.7482 1170.6199 1173.8495 1178.7141 1185.6051 1194.7115 1194.7755 1187.719 1186.9161 1179.7898 1169.1761 1157.8005 1159.6157 1167.827 1174.2161 1180.5665 1187.4907 1195.6086 1205.1194 1209.3247 1208.8054 1207.673 1207.8077 1203.7412 1205.1306 1208.9702 1216.1016 1221.8649 1226.9387 1230.4288 1232.8328 1236.3477 1241.9537 1246.2985 1253.4303 1259.3477 1266.5031 1271.1355 1273.6322 1274.9186 1276.6757 1281.2041 1286.6559 1294.8219 1297.4678 1295.176 1293.0918 1291.4708 1295.6793 1300.4169 1306.7719 1306.8751
1084.0002 1085.021 1099.5245 1116.5244 1140.0758 1153.4901 1164.0385 1170.2955 1174.5021 1174.7106 1177.1311 1180.3132 1184.7755 1187.686 1185.8601 1183.2793 1182.9971 1180.4852 1172.2637 1157.7923 1157.787 1164.4792 1171.5745 1181.2545 1189.9391 1197.2749 1201.7086 1203.075 1202.2605 1200.3649 1200.0656 1200.1105 1206.4309 1212.6556 1220.7758 1226.1329 1231.74 1234.9304 1238.6787 1240.3381 1243.1034 1247.1406 1256.0764 1261.6826 1267.8842 1271.2883 1271.0193 1269.1565 1272.5381 1280.5596 1285.7437 1294.2225 1295.672 1289.644 1286.444 1289.4686 1295.363 1301.9354 1306.5996 1304.0062
1099.6709 1105.4412 1118.9092 1131.1708 1148.6166 1156.4297 1164.8511 1169.8547 1173.2537 1172.0067 1173.4475 1175.8135 1180.4379 1182.0421 1180.7063 1178.5801 1177.3035 1173.5333 1172.2303 1157.9374 1152.8104 1163.4581 1174.2106 1183.9275 1189.5253 1191.6873 1192.5753 1192.8007 1192.1907 1192.917 1194.2438 1201.3119 1209.4426 1216.0201 1222.5677 1229.5773 1234.9541 1239.764 1246.0874 1246.6835 1247.1893 1250.8104 1257.3925 1261.6212 1267.5106 1268.2338 1266.5516 1266.1442 1269.6904 1277.6516 1283.2292 1290.5602 1290.6022 1283.2374 1280.0095 1287.9478 1296.0488 1303.3975 1305.7316 1301.3311
1119.8856 1124.6764 1134.5105 1138.5912 1149.5455 1153.4154 1162.7426 1169.7117 1171.7244 1169.6831 1169.261 1170.6425 1174.3336 1175.1936 1174.0024 1173.6248 1172.2532 1168.6064 1166.6796 1157.6462 1149.9142 1161.3876 1173.4323 1183.4791 1185.9803 1185.4403 1185.7255 1186.7195 1186.2692 1196.3719 1207.9355 1207.6227 1210.2046 1215.8907 1220.6749 1227.9451 1233.6722 1238.4561 1244.1401 1246.1813 1249.9929 1252.5867 1256.7937 1259.8336 1261.5842 1261.0364 1258.7407 1260.6289 1267.7622 1275.3534 1279.9943 1284.1135 1283.6696 1277.5289 1279.4211 1288.4219 1294.6875 1302.3473 1303.7007 1299.1252
1137.9855 1137.0964 1137.019 1141.7681 1146.2208 1152.7275 1164.8834 1172.2336 1170.9657 1167.8341 1163.6566 1164.8586 1168.0686 1168.5771 1167.037 1166.569 1165.3802 1158.6652 1156.1746 1149.5709 1149.5732 1162.1682 1172.4928 1175.0415 1174.0315 1174.0355 1177.7233 1181.3668 1183.0435 1196.4381 1203.9232 1207.0496 1209.129 1216.3414 1219.4095 1226.8625 1231.6636 1236.7985 1242.9525 1245.8245 1249.8855 1252.5214 1254.7695 1256.4126 1256.3623 1255.3665 1254.9795 1259.7374 1265.9468 1272.2675 1275.6512 1278.2283 1276.9379 1274.0029 1278.4921 1287.9158 1294.1177 1299.3347 1302.6316 1298.8285
1144.7678 1138.3604 1137.4318 1141.5029 1149.4484 1155.9512 1166.6552 1172.3138 1172.6012 1168.0247 1158.991 1158.4277 1160.2511 1160.5092 1157.4696 1158.1134 1154.8169 1148.6552 1145.3774 1145.7853 1151.1161 1160.7385 1162.0375 1167.3069 1172.9355 1179.8723 1184.2753 1193.3083 1197.1158 1202.8701 1206.5704 1210.9431 1215.2113 1221.6727 1223.6705 1228.3602 1231.8818 1236.8591 1243.9888 1246.1273 1248.3623 1249.3566 1249.3995 1250.2074 1249.9253 1249.0385 1253.2278 1258.6116 1263.5573 1269.3849 1271.0338 1270.4253 1268.6934 1268.3014 1276.0658 1286.1339 1291.7422 1294.5642 1295.7748 1298.1238
1138.2582 1134.3311 1133.3772 1139.3365 1148.933 1156.3469 1164.2216 1169.2379 1172.1523 1167.4828 1158.777 1154.5626 1152.8993 1151.894 1148.1016 1147.74 1147.3452 1144.6459 1144.6559 1146.0591 1148.0192 1157.447 1157.9515 1171.0223 1185.1338 1194.2244 1197.7783 1198.8822 1200.5392 1206.7566 1208.328 1208.8976 1215.7397 1223.1053 1227.8422 1232.134 1235.0813 1238.9427 1244.2858 1246.4316 1246.8265 1244.5614 1244.0209 1244.722 1244.696 1244.2725 1250.7583 1255.7057 1258.0773 1261.9098 1262.5465 1259.8542 1256.6611 1267.9462 1274.1931 1283.2495 1285.5991 1288.834 1293.5432 1296.8683
1134.504 1131.1616 1131.225 1136.1556 1144.9576 1151.7217 1160.925 1166.3335 1167.3625 1163.6134 1155.9962 1150.2946 1144.1471 1142.359 1142.366 1142.376 1142.3767 1144.6407 1149.0168 1154.629 1158.0867 1162.4604 1169.9309 1182.4951 1194.2214 1199.6974 1199.9459 1198.283 1197.8236 1200.9061 1202.0076 1207.8596 1214.7643 1222.9889 1227.0638 1233.7487 1236.5151 1240.9189 1245.3704 1245.7466 1245.557 1242.2053 1240.5671 1240.7833 1241.6417 1244.2688 1248.875 1251.705 1254.8196 1257.3719 1256.1713 1252.2428 1256.0925 1267.2994 1272.8948 1280.9449 1281.993 1286.4458 1293.7841 1296.2208
1128.3512 1123.4125 1126.4562 1133.3635 1142.9429 1150.7313 1159.4415 1162.4557 1161.9905 1159.2604 1149.9691 1144.5806 1135.1799 1135.1817 1143.1184 1150.9209 1158.5358 1165.5607 1170.064 1173.7511 1181.073 1185.6664 1183.2704 1184.6317 1190.2324 1192.0256 1190.1361 1186.5103 1186.7867 1193.2017 1196.621 1207.6617 1213.1768 1221.6083 1225.5443 1231.9042 1235.2008 1238.7637 1241.8354 1241.9595 1240.7977 1239.114 1235.7256 1235.0828 1240.0862 1244.46 1247.3673 1247.0612 1248.629 1249.8571 1248.9893 1248.748 1255.4161 1266.7054 1271.4982 1275.8684 1278.4286 1284.7184 1293.049 1295.0109
1123.9258 1120.4462 1123.2124 1131.7448 1140.1155 1149.6313 1155.3851 1158.3718 1156.754 1152.326 1144.171 1137.6748 1135.1779 1139.3827 1149.7136 1159.5076 1167.3501 1173.1696 1175.864 1179.2567 1184.7061 1185.4751 1179.8774 1178.7239 1182.3937 1182.9337 1181.9177 1182.166 1186.9351 1196.0006 1199.5942 1207.0542 1212.399 1219.5018 1224.0549 1230.9167 1233.9479 1237.0646 1238.7771 1238.5033 1236.3044 1235.0303 1231.9299 1231.6688 1238.8884 1244.0754 1243.3452 1241.2316 1241.3824 1241.9031 1241.9051 1248.7241 1256.3856 1266.1396 1268.4741 1270.2389 1275.3102 1281.4629 1290.0979 1295.2748
1120.1567 1117.0269 1120.5475 1124.5273 1132.5658 1147.7378 1150.5007 1152.7095 1150.2949 1145.6295 1137.1309 1131.2779 1135.1771 1145.2666 1155.9156 1165.5988 1173.656 1175.4897 1175.9209 1177.0114 1178.3818 1178.2303 1171.8369 1170.9191 1174.9342 1175.703 1176.4109 1182.5704 1188.3826 1198.5421 1203.079 1209.9633 1214.2208 1219.875 1224.0081 1231.0625 1233.6733 1235.4608 1235.979 1235.2754 1232.2146 1230.4005 1229.8716 1231.6628 1236.7163 1238.9478 1237.7063 1235.8291 1235.4395 1236.6794 1242.7502 1252.4836 1257.9475 1264.212 1264.9178 1269.2657 1273.6226 1280.3535 1288.9464 1294.9569
1115.0533 1110.0596 1112.0594 1114.4198 1123.6711 1136.2135 1143.1234 1148.985 1145.9933 1137.6021 1130.9208 1131.2775 1140.287 1150.5492 1160.2229 1168.4659 1171.2301 1168.7361 1167.9266 1167.28 1166.3486 1164.8781 1158.6375 1159.0841 1168.5796 1171.8405 1178.9037 1184.0367 1190.9385 1201.5024 1207.7357 1215.4703 1219.7856 1223.6083 1225.7982 1230.1053 1232.3013 1232.6821 1232.3943 1233.0341 1228.8865 1225.6282 1225.6947 1230.9905 1235.1168 1234.4791 1231.489 1229.9895 1233.0853 1240.3276 1247.2437 1256.3931 1259.2977 1260.3864 1258.3816 1264.5979 1270.8381 1279.9385 1289.2091 1295.2386
1108.7585 1105.234 1105.7296 1108.3672 1117.243 1123.9253 1133.8918 1144.5198 1139.5132 1132.1367 1130.9108 1134.9674 1143.5624 1152.9504 1161.3027 1167.2416 1166.037 1162.9495 1162.7441 1161.0464 1160.3851 1155.5249 1156.9867 1164.4901 1172.7429 1176.6359 1184.8033 1188.8268 1192.5061 1202.8085 1209.0448 1217.985 1221.3235 1222.9236 1223.1698 1227.0095 1229.0989 1228.921 1228.7333 1228.6357 1224.5697 1220.4285 1222.6357 1228.4817 1231.6389 1227.0378 1226.3585 1229.5115 1237.8044 1245.0254 1251.3674 1257.7529 1258.4817 1256.1261 1254.4714 1259.5424 1271.0474 1279.5063 1290.9653 1295.8116
1097.0822 1099.4572 1101.7825 1103.4578 1109.0054 1115.286 1128.452 1136.3375 1131.1746 1127.2034 1130.9023 1143.7004 1149.4287 1156.3126 1161.8749 1163.2578 1159.0331 1154.1311 1153.2894 1150.7981 1148.1562 1148.1655 1160.1904 1169.0807 1174.8517 1177.7109 1183.2612 1189.8027 1193.9507 1204.3462 1209.7362 1218.3281 1221.0121 1220.407 1219.9746 1224.1749 1225.3363 1223.2709 1223.3175 1224.4387 1221.5121 1218.6039 1222.0723 1224.0549 1223.377 1221.5825 1226.3575 1231.8717 1239.5109 1245.4265 1252.0601 1257.9895 1257.3484 1254.2642 1253.3524 1257.4113 1271.0521 1279.3014 1289.3461 1294.2307
1096.1987 1109.2534 1111.4569 1111.0615 1109.0094 1109.6039 1118.2902 1123.5693 1119.0603 1127.1967 1137.976 1148.2026 1151.7871 1156.2291 1157.4047 1154.1406 1147.9458 1140.8516 1138.5931 1137.0247 1144.7278 1152.2158 1163.3259 1168.0675 1169.9203 1173.52 1183.4385 1189.6995 1197.7666 1208.6455 1210.7007 1210.6311 1210.8719 1213.8979 1219.1802 1222.9387 1223.2059 1219.76 1220.3157 1222.5188 1220.0599 1217.2756 1221.1659 1220.9147 1218.9592 1219.1261 1231.1907 1234.4935 1239.5457 1243.0261 1248.337 1254.449 1253.0334 1250.0326 1252.582 1256.681 1269.8217 1279.0464 1287.4937 1290.8489
1106.1479 1120.3427 1126.4637 1127.715 1122.7606 1115.2294 1115.2387 1115.3602 1118.3346 1128.8521 1136.7065 1145.4165 1149.0605 1152.6656 1153.4736 1147.6127 1141.217 1134.3385 1132.7932 1136.3218 1148.715 1154.8223 1159.3743 1159.6355 1167.9172 1173.0806 1183.7114 1189.158 1193.7997 1206.4011 1206.203 1202.557 1203.2773 1211.7975 1218.3431 1222.0824 1220.9543 1218.1375 1217.9282 1220.4895 1216.9819 1214.3701 1213.4449 1211.2762 1218.9581 1224.6604 1233.004 1233.1179 1232.7988 1234.2621 1237.6936 1241.3884 1243.1915 1247.6466 1253.3986 1261.1266 1268.2109 1279.7985 1284.7468 1282.8657
1108.5402 1123.9314 1130.6432 1136.2457 1132.684 1126.2323 1123.9078 1121.6218 1123.2751 1127.1843 1131.6344 1138.45 1142.7402 1147.7012 1149.0383 1143.189 1134.2047 1125.9772 1130.8497 1140.4106 1149.4232 1151.3823 1153.3066 1157.007 1168.5914 1174.1526 1183.774 1187.4943 1190.4601 1197.7396 1198.7506 1196.2013 1199.6455 1212.0846 1219.2493 1219.9116 1216.7251 1212.4906 1212.817 1214.0723 1210.3052 1208.6403 1208.3976 1211.2716 1220.9291 1224.7041 1228.7412 1228.3998 1227.9888 1229.1985 1231.9631 1233.729 1241.4602 1246.9523 1253.3915 1261.2566 1270.2504 1280.4094 1282.2452 1278.7646
1108.3954 1120.6118 1128.4458 1130.5032 1125.4187 1120.3511 1120.8993 1121.3026 1117.0287 1116.0405 1119.1978 1123.588 1125.6439 1132.5275 1135.5272 1132.8076 1125.9989 1120.5916 1130.3153 1137.2302 1138.4127 1138.2329 1148.2418 1157.0422 1171.5682 1175.2111 1178.9918 1178.4393 1181.3835 1185.088 1186.5536 1195.4926 1202.689 1214.089 1218.8807 1214.2804 1210.5643 1207.2396 1209.3402 1211.0955 1207.4744 1204.9694 1206.7117 1213.6162 1221.5483 1221.7822 1220.8757 1220.4517 1220.455 1222.6908 1230.432 1233.918 1240.7683 1244.879 1253.9226 1262.1982 1270.8606 1279.2805 1280.2788 1276.1431
1108.6475 1117.3203 1125.53 1125.5011 1119.8483 1114.6628 1114.915 1115.0023 1110.7355 1109.1951 1111.7163 1115.2167 1117.0387 1123.6986 1125.6921 1124.9915 1121.3074 1116.3413 1124.7289 1127.7288 1128.597 1133.239 1147.8988 1157.1753 1171.3312 1173.5291 1172.2729 1170.5691 1175.2053 1182.369 1189.3434 1197.0909 1207.3292 1212.293 1212.9487 1208.6696 1205.7399 1204.9766 1208.1781 1209.7765 1205.3982 1201.6914 1207.6915 1210.9574 1211.137 1208.4978 1209.3929 1215.1592 1221.1796 1228.6085 1234.7388 1239.0312 1244.0548 1250.2668 1257.8738 1264.1101 1270.1484 1271.9139 1273.8914 1271.2946
1102.8065 1110.0675 1119.3247 1119.4506 1112.1559 1106.6486 1106.0214 1105.8905 1102.3711 1098.9332 1099.8711 1102.3467 1103.9923 1111.2681 1113.8207 1114.7711 1113.1172 1110.1981 1119.184 1120.9579 1123.0991 1131.1792 1147.0956 1156.0228 1167.5737 1169.4788 1166.3524 1170.0474 1178.8826 1187.7593 1196.5796 1201.2745 1207.7997 1209.9103 1208.505 1203.8259 1200.6147 1198.3617 1205.9625 1208.9821 1202.5532 1199.3801 1205.0139 1208.6158 1207.4688 1207.4759 1211.7581 1217.8333 1226.3615 1232.7345 1236.5941 1241.0624 1245.7146 1252.7164 1258.8414 1262.1237 1265.8146 1268.052 1270.9183 1267.8359
1096.239 1105.6534 1109.1313 1109.5477 1102.1584 1097.5 1094.2081 1094.2312 1090.453 1089.1065 1089.1302 1092.3452 1094.0537 1097.406 1099.3347 1101.7523 1103.2489 1105.0822 1107.6489 1108.6567 1115.8728 1127.2012 1143.1108 1151.568 1157.8658 1157.9501 1165.7178 1174.5995 1184.6002 1190.9213 1196.4016 1201.0332 1207.5664 1207.8215 1204.627 1199.8679 1196.5581 1195.6617 1203.3556 1205.2992 1199.752 1195.0034 1198.9095 1201.5876 1204.0676 1207.938 1217.0851 1222.1505 1231.3981 1234.2542 1235.9858 1242.1224 1247.4999 1253.6997 1257.6998 1258.1492 1261.4785 1264.028 1268.4835 1265.3767
1092.9185 1095.2782 1094.2545 1093.4952 1092.3928 1088.5455 1085.139 1085.3103 1085.3137 1089.103 1100.5691 1101.0441 1104.8015 1104.1432 1104.311 1108.822 1111.5625 1113.3523 1113.7043 1110.2313 1110.2367 1120.8575 1137.3041 1144.4573 1145.9451 1153.8063 1169.5702 1178.3047 1185.6194 1189.1421 1191.8796 1196.7344 1201.2311 1201.1891 1197.6083 1193.0817 1191.4849 1193.4158 1197.8339 1200.5631 1198.4242 1193.1011 1193.8955 1195.9924 1206.3688 1213.5411 1221.577 1223.6198 1227.0139 1229.5288 1234.4177 1242.394 1247.0205 1250.4504 1249.3741 1248.5314 1251.6486 1254.5878 1258.1938 1256.8339
1085.7252 1084.9482 1083.1675 1081.6987 1080.4352 1080.4363 1080.4409 1081.2548 1088.412 1101.2181 1110.686 1119.6896 1120.4199 1121.3816 1121.8217 1122.7368 1123.7808 1126.4117 1126.4481 1116.4955 1110.2438 1116.6798 1133.0082 1138.4368 1145.222 1154.2251 1169.292 1176.4205 1183.5553 1185.0701 1184.0688 1193.4825 1198.3538 1196.9763 1191.8635 1188.2253 1183.7186 1190.5986 1196.8706 1198.5356 1197.3173 1189.6696 1192.5945 1198.0337 1207.8007 1213.5579 1219.9502 1221.36 1222.7271 1228.7822 1234.5034 1242.4288 1247.0692 1247.5388 1244.2643 1241.2363 1242.5085 1245.4023 1250.9656 1249.1893
1076.3763 1075.8461 1073.2429 1073.1475 1075.0126 1083.0095 1089.4308 1091.7343 1100.6158 1111.0229 1115.6714 1123.588 1125.6967 1130.0066 1133.7354 1137.6503 1140.0405 1142.0327 1138.127 1126.5981 1117.099 1116.6817 1125.4869 1129.8048 1145.0898 1154.6095 1167.3679 1173.9409 1179.0747 1180.2488 1182.0387 1190.8682 1196.3768 1193.8737 1188.2524 1184.1283 1182.7247 1188.7916 1193.5532 1196.5532 1191.8307 1183.4152 1191.7457 1198.0237 1204.4642 1209.0184 1211.6051 1216.874 1219.7131 1228.8086 1234.7314 1242.9509 1246.2542 1245.1127 1241.182 1234.7637 1236.1671 1240.9689 1247.707 1245.1031
