Parflow_Preprocessing/input_files/DCEW_30m.dem.asc
ncols 315
nrows 300
xllcorner    565500.000000000000
yllcorner    4837000.000000000000
cellsize     30.000000000000
[rows 216 to 242 of 300, columns 120 to 179 of 315]
1275.342 1268.4694 1261.5398 1266.8079 1272.3964 1273.199 1272.4794 1269.4086 1265.4163 1260.7777 1261.6271 1260.6323 1259.9557 1259.9651 1260.4531 1263.3688 1267.6169 1285.3966 1299.3962 1315.6976 1326.0645 1329.5652 1332.2374 1348.5094 1365.3264 1378.2749 1395.4357 1403.0449 1396.1216 1398.7062 1414.1697 1420.0325 1425.533 1426.1915 1434.7444 1452.6609 1462.3433 1478.1749 1479.193 1482.4821 1487.1016 1491.8695 1491.4523 1489.7883 1497.5992 1506.7225 1517.8168 1519.0851 1520.9976 1528.6923 1554.2614 1564.882 1572.776 1576.644 1573.579 1569.1445 1567.6057 1562.8912 1558.897 1576.5116
1266.4843 1262.6061 1256.2733 1262.1799 1270.6472 1270.1241 1267.9795 1259.1034 1253.5939 1253.2486 1253.4069 1254.2939 1256.098 1260.2709 1263.6818 1265.4758 1266.5099 1283.5121 1296.0237 1309.2924 1317.3004 1319.4084 1328.0544 1342.3304 1362.29 1376.1324 1391.3472 1391.264 1382.7003 1385.7803 1399.1476 1405.6465 1410.5333 1418.8873 1428.6851 1444.1075 1453.2891 1461.1213 1464.1837 1476.4441 1484.9761 1497.8983 1503.0282 1502.5616 1503.3271 1512.9675 1525.2646 1531.9923 1532.5358 1533.0781 1552.5793 1567.8177 1583.3325 1588.9064 1589.5846 1588.0006 1585.2152 1582.5815 1579.2841 1586.9988
1256.5792 1258.0227 1249.6128 1258.9742 1260.0161 1256.7064 1250.4644 1247.6873 1249.8713 1253.2423 1255.7377 1257.5107 1259.6461 1266.3586 1273.2336 1277.0292 1274.2628 1274.2696 1280.9985 1290.8247 1293.4843 1304.1702 1317.9862 1338.8376 1358.4805 1370.858 1380.7394 1381.499 1374.5076 1376.6459 1387.597 1393.3412 1404.3269 1413.4316 1424.4027 1438.0099 1446.1926 1453.9154 1461.382 1473.7722 1481.965 1492.9977 1501.8118 1511.4967 1514.9868 1517.2539 1526.9578 1541.1525 1546.8971 1551.1072 1557.6876 1567.1825 1583.0426 1590.2477 1599.1031 1600.111 1598.8617 1596.7225 1599.1742 1600.4828
1250.746 1256.4623 1246.599 1255.0015 1253.1877 1246.5983 1244.0676 1247.6866 1251.7184 1255.2997 1261.6102 1267.3364 1268.7773 1273.7316 1284.3506 1289.9926 1289.1417 1283.946 1281.0032 1285.3276 1287.6475 1295.2129 1310.1931 1332.0797 1350.8566 1362.7515 1370.5396 1370.4363 1364.3346 1369.3489 1383.6714 1394.1472 1408.8118 1417.829 1430.017 1445.3263 1454.6694 1465.3168 1472.3868 1481.0187 1486.8708 1493.1971 1499.4757 1509.5709 1514.8209 1521.5796 1533.9106 1546.0909 1557.2483 1565.8389 1573.7373 1578.2197 1584.2301 1587.114 1601.2034 1609.9559 1616.3546 1616.9071 1614.0424 1613.4194
1241.811 1243.616 1242.3716 1244.2871 1243.795 1243.8044 1244.0612 1249.588 1256.802 1259.1508 1265.6113 1274.0804 1278.328 1281.0924 1289.6251 1297.5582 1298.9252 1293.248 1289.198 1293.4254 1294.1283 1294.1351 1302.5206 1324.3022 1342.283 1353.3331 1357.8171 1355.2144 1361.5896 1370.5275 1386.4406 1397.894 1417.2592 1425.1583 1437.8928 1451.9127 1463.2456 1475.2529 1479.712 1489.7015 1495.1013 1502.5114 1505.09 1511.7505 1517.2484 1525.7753 1539.0851 1549.0558 1558.5281 1569.475 1578.8541 1586.7523 1594.749 1596.7311 1602.5529 1607.892 1622.4257 1626.4148 1626.9841 1626.6097
1231.4177 1233.8713 1234.8647 1240.2394 1243.7905 1249.142 1255.7867 1261.9634 1272.5415 1276.234 1273.5264 1278.661 1290.6888 1295.4436 1300.5521 1311.8672 1317.5555 1308.0446 1303.9509 1311.1254 1312.4542 1304.0719 1302.5254 1307.4026 1327.9078 1340.4631 1343.6912 1349.6826 1364.8903 1375.8986 1393.2944 1404.2865 1424.4087 1433.6688 1444.1251 1451.6581 1453.9867 1460.505 1467.9393 1478.2146 1484.1075 1494.7789 1501.8125 1512.6918 1522.493 1533.6644 1542.0686 1552.3875 1560.5546 1569.9083 1579.7611 1588.1573 1597.543 1603.4207 1609.4052 1611.8942 1621.5283 1626.4203 1622.2384 1615.8103
1231.4227 1233.2831 1240.0511 1246.7583 1252.9696 1259.3107 1265.2415 1271.7167 1282.1761 1292.0502 1287.2865 1283.0364 1294.1766 1304.4183 1309.9954 1321.4335 1327.7054 1319.3517 1315.5444 1322.2979 1324.348 1320.3209 1314.864 1307.406 1307.416 1325.198 1344.1763 1355.1924 1370.7566 1380.208 1398.6053 1410.9724 1426.8666 1434.4133 1442.0057 1446.2421 1446.9594 1450.9641 1459.8293 1470.5042 1476.8032 1488.6472 1497.3419 1510.5608 1521.5557 1533.8893 1544.5911 1555.0879 1562.1111 1570.0969 1578.3544 1587.2964 1596.1826 1605.9427 1618.4752 1623.8885 1627.0062 1624.4427 1617.8486 1608.4711
1250.3955 1258.0323 1260.6525 1265.1508 1271.0586 1274.2502 1281.0175 1286.8087 1297.5793 1301.3712 1297.77 1291.4122 1298.3562 1309.672 1317.0046 1328.085 1334.4385 1329.1152 1324.9552 1331.8319 1336.4954 1337.7976 1334.2115 1327.3982 1323.1173 1324.6237 1346.7339 1361.9835 1379.8335 1390.2787 1403.0092 1409.6581 1419.2417 1424.5732 1432.0054 1437.1078 1436.24 1441.6572 1452.0225 1466.7029 1476.6392 1487.9196 1500.4238 1515.739 1526.0903 1535.0839 1547.2905 1556.1063 1562.3199 1568.5361 1575.3406 1581.0496 1590.2336 1603.3708 1616.0491 1624.6005 1624.3942 1617.6074 1610.3221 1599.0972
1274.5531 1284.3499 1289.2408 1289.8296 1292.4211 1294.551 1301.6534 1307.6152 1318.0348 1320.9889 1316.7416 1311.4609 1312.8187 1323.2672 1336.9059 1342.8195 1351.765 1346.672 1341.6819 1352.5167 1355.6283 1352.8951 1349.6047 1341.8424 1340.4498 1329.36 1341.8174 1359.396 1379.5127 1388.0265 1395.7008 1399.4528 1402.8091 1407.646 1413.7394 1417.4553 1427.2598 1439.1842 1452.4839 1467.7686 1481.5874 1497.7943 1510.668 1525.7488 1533.0177 1540.9174 1549.8893 1556.269 1561.4707 1565.8197 1571.0719 1577.2104 1588.3904 1602.1812 1614.314 1613.5044 1615.1763 1609.4045 1598.3011 1587.6219
1285.5052 1296.9915 1301.7797 1302.6643 1304.3671 1306.1268 1313.5441 1321.7429 1333.6692 1337.2289 1333.1406 1326.4706 1320.7395 1334.6583 1347.1906 1356.0608 1363.3389 1359.2871 1354.2399 1368.3311 1370.1342 1368.184 1363.9432 1357.0757 1360.4655 1348.0605 1341.8189 1357.9191 1374.4299 1380.7844 1385.5574 1387.8611 1392.8846 1398.8665 1403.139 1413.0614 1428.3036 1440.3336 1451.4849 1465.6382 1481.1438 1498.0043 1511.5271 1525.4841 1534.6316 1541.6068 1547.8275 1548.1818 1549.1921 1552.5934 1562.4967 1575.0646 1585.4515 1595.4427 1599.631 1601.5602 1603.7365 1608.3931 1597.0496 1583.4735
1300.6365 1309.2935 1316.9969 1314.811 1316.1416 1319.0238 1329.0958 1334.9081 1346.3402 1348.6124 1344.7228 1338.2465 1330.3406 1337.1475 1354.1129 1364.448 1371.2103 1368.1694 1364.0559 1380.2849 1384.121 1382.353 1375.9941 1369.0967 1374.0383 1365.4645 1347.0171 1351.9637 1362.2434 1367.6693 1373.6384 1379.7467 1393.7656 1400.6273 1404.874 1413.786 1427.9319 1442.1498 1456.4033 1470.1625 1484.552 1496.3197 1512.5854 1526.4587 1534.8766 1539.1985 1536.3815 1537.3103 1539.3536 1549.1805 1561.9904 1572.1484 1578.7059 1584.3667 1587.7511 1587.7787 1591.6892 1602.7292 1595.1309 1580.7502
1315.9054 1322.3125 1331.6925 1337.8126 1341.7831 1345.7664 1352.7091 1356.8516 1365.4364 1369.3 1366.1661 1359.5082 1352.359 1354.1523 1357.3179 1372.6105 1379.8893 1379.0012 1374.3416 1384.4088 1392.049 1392.5387 1387.1332 1381.9749 1384.0293 1378.1261 1366.0417 1353.5287 1355.2805 1359.4114 1369.1371 1383.837 1403.5435 1412.5099 1420.8107 1431.0105 1441.8754 1450.0289 1459.9741 1473.2843 1487.7325 1499.5109 1517.3204 1527.3846 1533.5184 1532.7358 1531.1598 1533.7957 1538.8033 1549.3456 1560.9453 1567.4026 1570.0375 1571.9745 1568.6796 1573.402 1584.0964 1599.7638 1593.1418 1576.5239
1323.2216 1333.4813 1343.2867 1355.0859 1360.2811 1360.8376 1366.9044 1371.6003 1380.4346 1385.5432 1379.7163 1372.007 1366.1858 1367.7347 1366.5031 1372.9684 1380.9491 1381.8519 1379.5173 1382.4215 1389.2712 1398.771 1398.7115 1396.786 1395.1768 1384.1689 1371.9481 1366.665 1375.8485 1376.5679 1369.1415 1380.8929 1398.4036 1406.9376 1418.8839 1430.1755 1444.1887 1457.262 1468.4204 1481.9652 1491.582 1503.0038 1521.2162 1527.9653 1531.4124 1527.3999 1523.8334 1531.7802 1539.3177 1548.0918 1555.1332 1555.7744 1554.8718 1554.6769 1559.9822 1571.7826 1582.1477 1595.0358 1588.8346 1572.6708
1338.4191 1351.4448 1357.403 1368.0458 1373.6787 1375.0024 1376.3362 1381.4424 1390.7723 1395.174 1389.0181 1378.7727 1374.1239 1374.8842 1375.6654 1376.4478 1381.9564 1385.3872 1385.7391 1386.384 1390.1473 1402.9436 1407.0109 1406.7075 1401.5321 1388.224 1379.4679 1380.5836 1381.4657 1393.2767 1384.1863 1380.8985 1397.1995 1410.9243 1421.9124 1431.2955 1441.8031 1459.5358 1475.2925 1490.8668 1500.6996 1509.1155 1524.4087 1529.3606 1530.4641 1526.1255 1518.3142 1522.1398 1530.6256 1539.5583 1546.4813 1542.0548 1539.9076 1546.7843 1559.1738 1570.5122 1580.2966 1590.1328 1585.2209 1568.715
1362.9059 1374.3457 1379.7802 1388.4917 1392.3068 1393.8363 1398.3855 1402.3163 1411.3986 1409.7433 1398.9716 1393.8546 1387.9257 1388.1212 1385.9139 1385.1046 1386.688 1390.9955 1391.7377 1390.0457 1390.6257 1405.5016 1414.084 1412.8298 1406.5978 1393.4915 1395.1519 1398.8462 1392.684 1395.7651 1403.5743 1389.1388 1391.4679 1415.22 1429.9131 1443.5714 1456.7852 1471.7439 1484.053 1495.7344 1509.0907 1519.9569 1527.3071 1526.5356 1526.5532 1524.1439 1514.9528 1516.1984 1522.86 1531.5009 1536.7965 1532.1824 1531.0817 1544.3298 1557.6222 1568.5424 1575.8494 1583.2903 1578.3052 1564.726
1370.5736 1377.8403 1379.4661 1386.3162 1390.7788 1395.557 1402.8496 1406.5337 1415.7225 1415.9069 1407.8481 1403.0653 1398.9041 1398.0212 1393.7135 1391.5103 1390.8149 1393.7299 1396.9438 1397.1312 1396.8301 1404.5063 1413.603 1417.9404 1413.625 1401.2566 1404.0913 1406.4839 1400.0216 1397.5729 1412.0088 1401.7358 1392.6648 1414.6733 1431.2695 1446.8853 1462.4526 1478.0334 1489.7881 1496.5564 1509.0062 1521.3269 1523.8782 1522.1523 1520.0702 1518.0298 1513.1458 1510.9294 1516.2458 1522.2321 1525.1737 1522.4102 1527.366 1543.8707 1556.34 1565.5984 1570.0171 1573.3622 1570.5758 1560.0525
1366.7667 1366.8904 1373.4449 1377.6381 1384.1903 1390.179 1397.5437 1402.4069 1413.58 1417.1622 1413.4666 1409.6272 1410.7963 1408.222 1403.1415 1401.1577 1399.8608 1399.5165 1401.9353 1405.4791 1402.9016 1406.1625 1413.9032 1424.1729 1419.7678 1408.8792 1412.5677 1416.9946 1411.8092 1401.8667 1412.1205 1418.8885 1409.115 1413.9586 1429.8309 1449.0798 1462.6907 1475.6281 1483.1365 1491.9026 1506.5165 1518.314 1519.9828 1516.2196 1514.0385 1514.7251 1507.9507 1502.658 1512.692 1516.2706 1514.0004 1513.6776 1529.3214 1544.4608 1553.6041 1559.9275 1561.6053 1564.6553 1563.375 1552.8208
1367.0381 1371.8971 1376.9103 1387.3866 1391.832 1399.412 1405.1125 1412.1813 1416.6515 1418.4513 1420.421 1425.2784 1423.0321 1419.1549 1415.3679 1413.217 1410.0704 1408.5118 1409.3673 1412.2927 1412.7914 1416.6765 1420.5104 1429.2616 1428.5527 1418.5758 1423.0897 1430.3672 1427.2954 1416.1277 1415.5537 1427.231 1436.4994 1429.2914 1429.7911 1443.3881 1452.4119 1463.198 1477.3663 1491.4126 1505.1635 1514.0109 1513.478 1509.4137 1503.0701 1504.9637 1504.5327 1501.0404 1506.4642 1510.4746 1508.2218 1511.3522 1527.9209 1539.9084 1545.3596 1547.9944 1551.7794 1554.7015 1551.9291 1540.7029
1368.2567 1380.4396 1383.0712 1394.5846 1400.3713 1406.2214 1411.6968 1416.3228 1419.0004 1415.525 1415.9103 1423.2959 1430.3439 1429.6512 1428.668 1427.8075 1425.874 1423.7982 1421.9048 1422.2677 1423.9089 1425.3131 1429.2163 1434.7482 1433.2811 1425.8105 1429.2848 1436.1628 1433.327 1424.3805 1419.1533 1433.7217 1443.9305 1445.0519 1442.9027 1449.7097 1461.1996 1472.3978 1482.4846 1494.7057 1507.4829 1514.7708 1511.3022 1504.2 1498.5529 1500.6129 1499.535 1496.6953 1503.2559 1504.3412 1500.6515 1504.2174 1519.6329 1528.2252 1534.0135 1541.0918 1544.3177 1541.8591 1534.4391 1518.798
1372.3293 1380.7407 1388.4247 1396.8827 1403.1788 1407.8551 1412.1537 1414.9109 1419.9762 1415.291 1413.7518 1419.1903 1426.9535 1425.4076 1427.7021 1430.2736 1432.1353 1432.0369 1430.6127 1429.5569 1430.3107 1433.7344 1437.9896 1441.0667 1441.1239 1438.9259 1440.854 1445.7056 1443.8458 1436.9536 1428.1434 1440.673 1452.6758 1462.7424 1460.4547 1463.5261 1469.55 1479.3925 1488.1268 1499.686 1510.1968 1515.4764 1510.6205 1502.6528 1495.3383 1495.6013 1492.8522 1490.0197 1500.5215 1499.1472 1496.5634 1500.9355 1508.7612 1514.0513 1529.8625 1538.8335 1537.3549 1534.5284 1526.5721 1511.0015
1386.1979 1390.4729 1395.6851 1403.55 1405.6934 1407.0752 1405.6829 1410.2357 1416.5748 1411.6832 1408.0337 1415.307 1421.0253 1418.2471 1423.2083 1427.129 1427.2625 1427.0897 1428.2208 1427.3644 1428.9346 1435.3407 1439.6433 1440.3739 1444.3596 1446.4229 1449.8344 1454.6881 1455.5029 1452.6858 1449.5154 1452.7665 1458.4547 1478.8173 1479.7977 1483.9266 1487.683 1496.675 1503.3586 1512.4103 1516.0243 1515.9194 1510.6984 1503.1277 1493.16 1488.6848 1490.9137 1488.9222 1492.7562 1492.3975 1488.1715 1492.9027 1506.9099 1517.5432 1529.5103 1529.0889 1524.3308 1527.9022 1523.759 1509.1241
1394.5459 1402.6372 1404.1627 1407.5647 1407.2112 1403.7396 1401.1105 1404.5945 1411.494 1405.9663 1401.7926 1409.0973 1416.0085 1413.0231 1417.9227 1417.4833 1415.3207 1414.735 1415.1309 1422.2911 1427.0802 1430.4855 1436.7223 1438.5077 1442.7885 1448.3252 1450.6682 1456.2781 1459.2919 1458.4203 1459.541 1464.9261 1466.6923 1482.7625 1488.5043 1498.4463 1502.163 1509.77 1514.7571 1515.9023 1513.1624 1511.5051 1509.5228 1503.4763 1494.0261 1487.163 1484.1051 1481.2769 1487.9291 1484.8192 1483.8138 1492.0771 1508.571 1517.199 1524.7788 1518.8202 1510.1439 1517.4352 1518.9071 1512.3098
1398.1278 1406.0674 1406.584 1406.8352 1405.1707 1401.4702 1398.7765 1402.4009 1406.5652 1402.8934 1399.3751 1404.8495 1408.2368 1406.4785 1409.5067 1407.2455 1407.2459 1412.4453 1420.6714 1431.4412 1437.7756 1438.6913 1438.9786 1442.1129 1448.9038 1452.7606 1457.3171 1461.2772 1466.8422 1468.7848 1470.0093 1476.0681 1479.8224 1490.1576 1498.5233 1503.9303 1506.759 1513.8557 1515.896 1512.7119 1507.6134 1503.752 1504.441 1501.5038 1492.6974 1484.6504 1477.2853 1477.2516 1480.037 1476.8936 1479.7562 1491.0955 1506.5424 1514.0671 1514.2107 1507.8844 1499.4374 1513.499 1516.1912 1510.9209
1402.8691 1405.4021 1403.2952 1401.8813 1400.3082 1393.5604 1391.7554 1398.8306 1404.2084 1398.618 1394.0841 1402.0811 1404.2375 1400.4747 1402.3562 1402.3624 1407.7938 1417.7982 1429.718 1439.3649 1438.2819 1439.2787 1442.0901 1446.5568 1453.4469 1458.2417 1465.1022 1466.7064 1476.7937 1482.6711 1486.9159 1493.2659 1497.7418 1496.7712 1498.1788 1498.8085 1500.3838 1500.5824 1504.5428 1500.355 1494.7159 1492.8297 1498.5952 1497.7118 1489.0033 1481.1682 1469.6514 1472.4874 1475.5352 1471.4938 1478.0142 1487.1893 1501.7273 1507.3533 1503.1798 1496.7161 1489.7094 1504.5812 1510.981 1503.1082
1397.4674 1400.7604 1395.5166 1392.0494 1393.7957 1387.7501 1387.683 1393.0953 1397.151 1392.1615 1389.1273 1394.2736 1392.4153 1390.8448 1397.3906 1406.6476 1417.3724 1426.8193 1429.9794 1431.736 1431.7681 1434.4036 1438.7239 1443.5172 1452.0404 1456.217 1461.4453 1465.1481 1476.7948 1482.9592 1491.8651 1500.6725 1503.8857 1498.2628 1490.9177 1488.9667 1489.8844 1492.993 1497.2629 1491.8116 1486.5276 1488.1129 1492.8939 1490.3602 1483.2032 1475.6455 1466.2411 1466.6649 1469.6052 1465.7592 1475.2603 1483.3536 1493.0686 1497.5925 1488.7205 1481.1802 1482.5013 1497.4045 1498.8583 1489.0293
1393.5283 1396.1372 1392.1653 1388.8187 1389.1906 1382.0608 1380.4279 1389.9607 1393.1459 1389.5743 1385.699 1388.2092 1386.2072 1389.4607 1398.0544 1412.1871 1417.2833 1420.4841 1422.1371 1423.3795 1423.8845 1426.2601 1432.6088 1439.2632 1444.9117 1447.2622 1456.2751 1464.8312 1474.5142 1480.0555 1488.719 1500.2297 1504.1393 1498.0168 1490.2599 1484.715 1484.2203 1488.3861 1491.6981 1487.2323 1479.8911 1483.4153 1487.9094 1484.7386 1477.1217 1469.3541 1459.8142 1463.0405 1463.8492 1461.8312 1469.2371 1476.0389 1488.8665 1491.4991 1480.663 1474.5186 1478.9296 1491.7152 1490.1926 1482.3768
1387.9629 1392.5597 1388.1779 1380.9077 1382.4006 1378.6731 1377.6863 1385.9486 1390.8361 1386.5865 1379.8484 1381.58 1379.6008 1390.7183 1400.0945 1408.9038 1407.7363 1410.6815 1412.1964 1413.7015 1415.2428 1419.2614 1424.9825 1426.8711 1434.6152 1438.9388 1450.6729 1456.5825 1465.3688 1473.7554 1485.3375 1492.8285 1500.418 1494.7921 1490.9976 1480.3384 1476.8361 1477.2727 1482.0632 1478.8905 1472.3844 1475.1543 1479.7067 1477.2153 1471.8896 1464.266 1454.0461 1457.3947 1457.7957 1458.0627 1464.3862 1471.2056 1483.3466 1484.6769 1472.184 1464.1292 1473.4763 1481.6836 1477.4031 1470.8429
